Root Mean Squared Error (RMSE) on test data = 5.737045387872624
+--------------+------+-------+-------+--------------------+--------------+------------------+
|date_block_num|  date|shop_id|item_id|            features|item_cnt_month|        prediction|
+--------------+------+-------+-------+--------------------+--------------+------------------+
|            22|201411|     59|   2297|(76,[0,1,4,5,6,7,...|           1.0|1.0206907124310547|
|            22|201411|     59|   2308|(76,[0,1,2,3,4,5,...|           3.0| 3.177889838864507|
|            22|201411|     59|   2309|(76,[0,1,3,4,5,6,...|           2.0|1.0206907124310547|
|            22|201411|     59|   2354|(76,[0,1,3,4,5,6,...|           1.0|1.0206907124310547|
|            22|201411|     59|   2369|(76,[0,1,4,5,6,7,...|           1.0|1.0206907124310547|
|            22|201411|     59|   2416|(76,[0,1,2,3,4,5,...|           3.0| 3.359670478176979|
|            22|201411|     59|   2432|(76,[0,1,3,4,5,6,...|           1.0|1.0206907124310547|
|            22|201411|     59|   2443|(76,[0,1,3,4,5,6,...|           1.0|1.0206907124310547|
|            22|201411|     59|   2445|(76,[0,1,2,3,4,5,...|           3.0| 3.177889838864507|
|            22|201411|     59|   2458|(76,[0,1,3,4,5,6,...|           1.0|1.0206907124310547|
+--------------+------+-------+-------+--------------------+--------------+------------------+
only showing top 10 rows